x = [0.4, 0.5, 0.6, 0.7]
y = [3, 4, 5, 6, 7, 8]
z = [[0.074295425, 0.092015696, 0.079571128, 0.089527559],
     [0.107385874,0.072596765,0.076804018,0.07644999], [0.066576982,0.112209487,0.081767249,0.06008842],
     [0.162225795,0.080423141,0.106586742,0.078187442], [0.044099164,0.055436134,0.06479466,0.077786827],
     [0.04479177,0.046488118,0.046209621,0.061554408]]

x2 = [0.4, 0.5, 0.6, 0.7]
y2 = [3, 4, 5, 6, 7, 8]
z2 = [[0.375276613,0.428418159,0.531730056,0.484546447],
     [0.388450098,0.530273819,0.487811661,0.534298921], [0.249939179,0.33837924,0.493757367,0.569650054],
     [0.127843642,0.259676528,0.389409161,0.515580511], [0.122472715,0.13400166,0.199709535,0.328001642],
     [0.105590391,0.10719049,0.130381894,0.299904108]]

x3 = [0.4, 0.5, 0.6, 0.7]
y3 = [3, 4, 5, 6, 7, 8]
z3 = [[0.938071203,1.002660799,1.014406085,1.035491681],
     [0.922411799,0.91851027,0.936154652,0.964250207], [0.875259876	,0.903372216,0.913781261,0.912701201],
     [0.713594961,0.864216137,0.901541305,0.898643732], [0.352670431,0.696898913,0.793414211,0.906474185],
     [0.28541081,0.417369866,0.831710124,0.852589345]]

x4 = [0.4, 0.5, 0.6, 0.7]
y4 = [3, 4, 5, 6, 7, 8]
z4 = [[1.467626953,1.497865057,1.501099348,1.551144981],
     [1.338765502,1.342290998,1.386479521,1.411361694], [1.275354171,1.358103752,1.317581201,1.340118718],
     [1.208053637,1.251384878,1.27092948,1.294098473], [1.161118245	,1.18267591,1.207599139,1.222772431],
     [0.996659184,1.166685772,1.17772851,1.214758945]]

x5 = [0.4, 0.5, 0.6, 0.7]
y5 = [3, 4, 5, 6, 7, 8]
z5 = [[2.04582119,2.124510002,2.157623816,2.206338382],
     [1.793983412,1.908627868,1.929889607,1.943728089], [1.688031149,1.758148384,1.784907746,1.838605571],
     [1.630383682,1.666281819,1.737278843,1.820794964], [1.52832284	,1.575432086,1.634938312,1.669365978],
     [1.470310211,1.514574599,1.574850416,1.614682722]]